37
38
39
40
41
42
43
44
45
46
47
48
49
50
51
52
53
54
55
56
57
78
79
80
81
82
83
84
85
86
87
88
89
90
91
92
93
94
95
96
97
98
120
121
122
123
124
125
126
127
128
129
130
131
132
133
134
135
136
137
138
139
140
158
159
160
161
162
163
164
165
166
167
168
169
170
171
172
173
174
175
176
177
178
212
213
214
215
216
217
218
219
220
221
222
223
224
225
226
227
228
229
230
231
232
267
268
269
270
271
272
273
274
275
276
277
278
279
280
281
282
283
284
285
286
287
306
307
308
309
310
311
312
313
314
315
316
317
318
319
320
321
322
323
324
325
326
